python tests/standalone/fa3/test_fa3_graph_workspace_scale.py --predict
[W819 15:08:44.133337893 FunctionLoader.cpp:48] Warning: LD_PRELOAD detected, FunctionLoader prefers RTLD_DEFAULT for symbol resolution. (function operator())
predicted FA3 workspace (MB) = 33024 * batch * ceil(maxk/128) / 1e6
 batch     maxk  blocks/s  ws_pred(MB)
    16     1024         8          4.2
    32     1024         8          8.5
    64     1024         8         16.9
   128     1024         8         33.8
   256     1024         8         67.6
    16     2048        16          8.5
    32     2048        16         16.9
    64     2048        16         33.8
   128     2048        16         67.6
   256     2048        16        135.3
    16     4096        32         16.9
    32     4096        32         33.8
    64     4096        32         67.6
   128     4096        32        135.3
   256     4096        32        270.5
    16     8192        64         33.8
    32     8192        64         67.6
    64     8192        64        135.3
   128     8192        64        270.5
   256     8192        64        541.1
    16    16384       128         67.6
    32    16384       128        135.3
    64    16384       128        270.5
   128    16384       128        541.1
   256    16384       128       1082.1
    16    32768       256        135.3
    32    32768       256        270.5
    64    32768       256        541.1
   128    32768       256       1082.1
   256    32768       256       2164.3
python tests/standalone/fa3/test_fa3_graph_workspace_scale.py 
[W819 15:09:19.644490471 FunctionLoader.cpp:48] Warning: LD_PRELOAD detected, FunctionLoader prefers RTLD_DEFAULT for symbol resolution. (function operator())
======================================================================================
 batch     maxk  blocks/s  ws_pred(MB)     result  ws_meas(MB)
======================================================================================
    16     2048        16          8.5         OK  55.4
    32     2048        16         16.9         OK  55.5
    16     4096        32         16.9         OK  55.5
    64     2048        16         33.8         OK  55.8
    32     4096        32         33.8         OK  55.6
    16     8192        64         33.8         OK  55.7
   128     2048        16         67.6         OK  56.3
    64     4096        32         67.6         OK  55.9
    32     8192        64         67.6         OK  55.9
    16    16384       128         67.6         OK  56.3
   256     2048        16        135.3         OK  57.3
   128     4096        32        135.3         OK  56.4
    64     8192        64        135.3         OK  56.1
    32    16384       128        135.3         OK  56.4
    16    32768       256        135.3         OK  57.3
   256     4096        32        270.5         OK  57.5
   128     8192        64        270.5         OK  56.7
    64    16384       128        270.5         OK  56.7
    32    32768       256        270.5         OK  57.5
   256     8192        64        541.1         OK  57.7
   128    16384       128        541.1         OK  57.2
    64    32768       256        541.1         OK  57.7
   256    16384       128       1082.1         OK  58.3
   128    32768       256       1082.1         OK  58.3
   256    32768       256       2164.3         OK  59.3
======================================================================================
If a CRASH leaves the device in a bad state, reset it before re-running.